⏳ กำลังโหลดข้อมูล (อาจใช้เวลาสักครู่เนื่องจากไฟล์ใหญ่)...

================================================================================
✨ 1. แสดงตัวอย่างข้อมูล 'หลัง Normalize' (สิ่งที่ Model เห็นจริงๆ)
================================================================================
    Type     | temperat | relative | wind_spe |  wind_u  |  wind_v  | wind_dir | wind_dir | precipit | rain_3d  | rain_7d  | rain_14d | ndmi_s2  | ndvi_s2  | lst_cels | burned_b | burned_c | elevatio |  slope   | aspect_s | aspect_c | fire_ris | pop_dens | dist_to_ | dist_to_ | night_li | season_s | season_c || Target
-------------------------------------------------------------------------------------------------------------------------------------------------------------------------------------------------------------------------------------------------------------------------------------------------------------------------------
  No-Fire    |   0.2597 |   0.4177 |   0.2498 |   0.6494 |   0.6019 |  -0.0271 |   0.3482 |   0.0021 |   0.1236 |   0.1189 |   0.1672 |   0.6438 |   0.8755 |  -1.7828 |   0.0000 |   0.0000 |   2.6740 |   0.1299 |  -0.9867 |   0.1624 |   0.9932 |   0.3485 |   0.5402 |   0.8887 |   0.0928 |   0.2554 |   0.9668 || 0
  No-Fire    |   0.2597 |   0.4177 |   0.2498 |   0.6494 |   0.6019 |  -0.0271 |   0.3482 |   0.0021 |   0.1236 |   0.1189 |   0.1672 |   0.6845 |   0.9063 |  -1.9332 |   0.0000 |   0.0000 |   2.8195 |   0.1320 |  -0.9938 |   0.1112 |   1.0000 |   0.4147 |   0.5435 |   0.8865 |   0.0857 |   0.2554 |   0.9668 || 0
  No-Fire    |   0.2676 |   0.4214 |   0.2611 |   0.6558 |   0.6033 |  -0.0348 |   0.4205 |   0.0033 |   0.1533 |   0.1464 |   0.1860 |   0.6914 |   0.9030 |  -2.0609 |   0.0000 |   0.0000 |   2.9386 |   0.1495 |  -0.9900 |  -0.1410 |   1.0000 |   0.4361 |   0.5465 |   0.8842 |   0.0810 |   0.2554 |   0.9668 || 0
    Fire     |   0.2597 |   0.4177 |   0.2498 |   0.6494 |   0.6019 |  -0.0271 |   0.3482 |   0.0021 |   0.1236 |   0.1189 |   0.1672 |   0.6466 |   0.8652 |  -1.9930 |   0.0000 |   0.0000 |   2.7207 |   0.2252 |  -0.1564 |   0.9877 |   0.7225 |   0.3240 |   0.5263 |   0.8952 |   0.0753 |   0.2554 |   0.9668 || 1
    Fire     |   0.2597 |   0.4177 |   0.2498 |   0.6494 |   0.6019 |  -0.0271 |   0.3482 |   0.0021 |   0.1236 |   0.1189 |   0.1672 |   0.6170 |   0.8312 |  -1.8738 |   0.0000 |   0.0000 |   2.6720 |   0.1885 |   0.2981 |  -0.9545 |   0.7239 |   0.3240 |   0.5313 |   0.8931 |   0.0769 |   0.2554 |   0.9668 || 1
    Fire     |   0.2597 |   0.4177 |   0.2498 |   0.6494 |   0.6019 |  -0.0271 |   0.3482 |   0.0021 |   0.1236 |   0.1189 |   0.1672 |   0.6100 |   0.8326 |  -1.7392 |   0.0000 |   0.0000 |   2.5878 |   0.0954 |  -0.4110 |  -0.9116 |   0.9143 |   0.3250 |   0.5365 |   0.8909 |   0.0859 |   0.2554 |   0.9668 || 1

================================================================================
🌱 2. แสดงตัวอย่างข้อมูล 'ก่อน Normalize' (ค่าออริจินัลทางกายภาพ)
================================================================================
    Type     | temperatur | relative_h | wind_speed |   wind_u   |   wind_v   |  wind_dir  | precipitat |  rain_3d   |  rain_7d   |  rain_14d  |  ndmi_s2   |  ndvi_s2   | lst_celsiu | burned_bin | burned_cou | elevation  |   slope    |   aspect   | fire_risk_ | pop_densit | dist_to_ro | dist_to_se | night_ligh |   season   || Target
----------------------------------------------------------------------------------------------------------------------------------------------------------------------------------------------------------------------------------------------------------------------------------------------------------------------------------------------
  No-Fire    |      16.77 |      57.59 |       0.73 |       0.35 |      -0.01 |     355.54 |       0.01 |       0.71 |       0.77 |       1.68 |       0.06 |       0.65 |      23.44 |       0.00 |       0.00 |    1048.16 |       2.31 |     279.35 |       4.97 |      18.44 |     143.75 |   35656.92 |       0.37 |      14.79 || 0
  No-Fire    |      16.77 |      57.59 |       0.73 |       0.35 |      -0.01 |     355.54 |       0.01 |       0.71 |       0.77 |       1.68 |       0.13 |       0.71 |      22.82 |       0.00 |       0.00 |    1092.95 |       2.35 |     276.38 |       5.00 |      33.18 |     148.34 |   34719.38 |       0.34 |      14.79 || 0
  No-Fire    |      16.95 |      57.82 |       0.76 |       0.41 |       0.00 |     355.26 |       0.01 |       0.94 |       1.02 |       1.99 |       0.14 |       0.70 |      22.30 |       0.00 |       0.00 |    1129.57 |       2.66 |     261.89 |       5.00 |      40.00 |     152.52 |   33781.82 |       0.32 |      14.79 || 0
    Fire     |      16.77 |      57.59 |       0.73 |       0.35 |      -0.01 |     355.54 |       0.01 |       0.71 |       0.77 |       1.68 |       0.07 |       0.63 |      22.58 |       0.00 |       0.00 |    1062.53 |       4.00 |     351.00 |       3.61 |      14.79 |     126.44 |   38462.56 |       0.29 |      14.79 || 1
    Fire     |      16.77 |      57.59 |       0.73 |       0.35 |      -0.01 |     355.54 |       0.01 |       0.71 |       0.77 |       1.68 |       0.02 |       0.57 |      23.07 |       0.00 |       0.00 |    1047.54 |       3.35 |     162.66 |       3.62 |      14.79 |     132.35 |   37532.01 |       0.30 |      14.79 || 1
    Fire     |      16.77 |      57.59 |       0.73 |       0.35 |      -0.01 |     355.54 |       0.01 |       0.71 |       0.77 |       1.68 |       0.01 |       0.57 |      23.62 |       0.00 |       0.00 |    1021.64 |       1.69 |     204.27 |       4.57 |      14.92 |     138.99 |   36594.44 |       0.34 |      14.79 || 1
